L'energia minima che puo' assumere la molecola prova e' -0.9871483211659.
==================================================
L'ansatz utilizzato e' del tipo:
	TwoLocal(num_qubits=4,
			 reps=3,
			 rotation_blocks=['rx', 'ry', 'rz'],
			 entanglement=full,
			 entanglement_blocks='cz')
==================================================
L'energia della molecola prova simulata e' -0.9871483211659. --> Errore di 0.0.
Tempo impiegato: 51.5778 secondi.
==================================================
Hamiltoniana: {'IIII': -0.856785400594809, 'IIZI': -0.130362920571091}
Numero di iterazioni: 145
Lista di energie: [-0.9871483211659, -0.9871483211659, -0.9871483211659, -0.9871483211659, -0.9871483211659, -0.9871483211659, -0.9871483211659, -0.9871483211659, -0.9871483211659, -0.9871483211659, -0.9871483211659, -0.9871483211659, -0.9871483211659, -0.9871483211659, -0.9871483211659, -0.9871483211659, -0.9871483211659, -0.9871483211659, -0.9871483211659, -0.9871483211659, -0.9871483211659, -0.9871483211659, -0.9871483211659, -0.9871483211659, -0.9871483211659, -0.9871483211659, -0.9871483211659, -0.9871483211659, -0.9871483211659, -0.9871483211659, -0.9871483211659, -0.9871483211659, -0.9871483211659, -0.9871483211659, -0.9871483211659, -0.9871483211659, -0.9871483211659, -0.9871483211659, -0.9871483211659, -0.9871483211659, -0.9871483211659, -0.9871483211659, -0.9871483211659, -0.9871483211659, -0.9871483211659, -0.9871483211659, -0.9871483211659, -0.9871483211659, -0.9871483211659, -0.9871483211659, -0.9871483211659, -0.9871483211659, -0.9871483211659, -0.9871483211659, -0.9871483211659, -0.9871483211659, -0.9871483211659, -0.9871483211659, -0.9871483211659, -0.9871483211659, -0.9871483211659, -0.9871483211659, -0.9871483211659, -0.9871483211659, -0.9871483211659, -0.9871483211659, -0.9871483211659, -0.9871483211659, -0.9871483211659, -0.9871483211659, -0.9871483211659, -0.9871483211659, -0.9871483211659, -0.9871483211659, -0.9871483211659, -0.9871483211659, -0.9871483211659, -0.9871483211659, -0.9871483211659, -0.9871483211659, -0.9871483211659, -0.9871483211659, -0.9871483211659, -0.9871483211659, -0.9871483211659, -0.9871483211659, -0.9871483211659, -0.9871483211659, -0.9871483211659, -0.9871483211659, -0.9871483211659, -0.9871483211659, -0.9871483211659, -0.9871483211659, -0.9871483211659, -0.9871483211659, -0.9871483211659, -0.9871483211659, -0.9871483211659, -0.9871483211659, -0.9871483211659, -0.9871483211659, -0.9871483211659, -0.9871483211659, -0.9871483211659, -0.9871483211659, -0.9871483211659, -0.9871483211659, -0.9871483211659, -0.9871483211659, -0.9871483211659, -0.9871483211659, -0.9871483211659, -0.9871483211659, -0.9871483211659, -0.9871483211659, -0.9871483211659, -0.9871483211659, -0.9871483211659, -0.9871483211659, -0.9871483211659, -0.9871483211659, -0.9871483211659, -0.9871483211659, -0.9871483211659, -0.9871483211659, -0.9871483211659, -0.9871483211659, -0.9871483211659, -0.9871483211659, -0.9871483211659, -0.9871483211659, -0.9871483211659, -0.9871483211659, -0.9871483211659, -0.9871483211659, -0.9871483211659, -0.9871483211659, -0.9871483211659, -0.9871483211659, -0.9871483211659, -0.9871483211659, -0.9871483211659, -0.9871483211659, -0.9871483211659]...
==================================================
Plot salvato come: results\prova\2025-08-20_16.42.31.png
==================================================
